#Layer_Color=15314666
#
#Feature symbol names
#
$0 r3.937
$1 r1.9685

#
#Feature attribute names
#

#
#Layer features
#
L 2.1 2.35 2.1 2.47 1 P 0
L 2.1 2.35 2.16 2.35 1 P 0
L 2.1 2.47 2.16 2.47 1 P 0
L 2.1112992 2.41 2.1487008 2.41 0 P 0
L 2.1266929 2.8813779 2.1266929 2.928622 1 P 0
L 2.1266929 2.8813779 2.2133071 2.8813779 1 P 0
L 2.1266929 2.928622 2.2133071 2.928622 1 P 0
L 2.13 2.3912992 2.13 2.4287008 0 P 0
L 2.1512992 2.905 2.1887008 2.905 0 P 0
L 2.16 2.35 2.16 2.47 1 P 0
L 2.16 2.35 2.16 2.47 1 P 0
L 2.16 2.35 2.22 2.35 1 P 0
L 2.16 2.47 2.22 2.47 1 P 0
L 2.1649213 2.4817717 2.1649213 2.8282284 1 P 0
L 2.1649213 2.4817717 2.4050788 2.4817717 1 P 0
L 2.1649213 2.8282284 2.4050788 2.8282284 1 P 0
L 2.17 2.8862992 2.17 2.9237008 0 P 0
L 2.1712992 2.41 2.2087008 2.41 0 P 0
L 2.19 2.3912992 2.19 2.4287008 0 P 0
L 2.2133071 2.8813779 2.2133071 2.928622 1 P 0
L 2.22 2.35 2.22 2.47 1 P 0
L 2.226378 2.3647244 2.226378 2.4552755 1 P 0
L 2.226378 2.3647244 2.2736221 2.3647244 1 P 0
L 2.226378 2.4552755 2.2736221 2.4552755 1 P 0
L 2.2311024 2.41 2.2688977 2.41 0 P 0
L 2.25 2.3911023 2.25 2.4288976 0 P 0
L 2.2509448 2.8704724 2.2509448 2.9295275 1 P 0
L 2.2509448 2.8704724 2.3690551 2.8704724 1 P 0
L 2.2509448 2.9295275 2.3690551 2.9295275 1 P 0
L 2.265315 2.655 2.3046851 2.655 0 P 0
L 2.2736221 2.3647244 2.2736221 2.4552755 1 P 0
L 2.285 2.635315 2.285 2.6746851 0 P 0
L 2.2911023 2.9 2.3288976 2.9 0 P 0
L 2.296378 2.3647244 2.296378 2.4552755 1 P 0
L 2.296378 2.3647244 2.3436221 2.3647244 1 P 0
L 2.296378 2.4552755 2.3436221 2.4552755 1 P 0
L 2.3011024 2.41 2.3388977 2.41 0 P 0
L 2.31 2.8811023 2.31 2.9188976 0 P 0
L 2.32 2.3911023 2.32 2.4288976 0 P 0
L 2.3436221 2.3647244 2.3436221 2.4552755 1 P 0
L 2.3690551 2.8704724 2.3690551 2.9295275 1 P 0
L 2.4050788 2.4817717 2.4050788 2.8282284 1 P 0
